   2   1   1 E -4.0043237899423E+04 DE 7.6E-08( 66)
  0.153430010406E+02  0.000000000000E+00  0.000000000000E+00
 -0.767150052032E+01  0.132874286715E+02  0.000000000000E+00
  0.000000000000E+00  0.000000000000E+00  0.500000000000E+03
  6
  0.100000000000E+01  0.000000000000E+00  0.000000000000E+00
  0.000000000000E+00  0.100000000000E+01  0.000000000000E+00
  0.000000000000E+00  0.000000000000E+00  0.100000000000E+01
  0.000000000000E+00  0.000000000000E+00  0.000000000000E+00
 -0.500000000000E+00  0.866025403784E+00  0.862853540973E-16
 -0.866025403784E+00 -0.500000000000E+00  0.111022302463E-15
  0.000000000000E+00  0.000000000000E+00  0.100000000000E+01
  0.000000000000E+00  0.000000000000E+00  0.000000000000E+00
 -0.500000000000E+00 -0.866025403784E+00  0.222044604925E-15
  0.866025403784E+00 -0.500000000000E+00  0.000000000000E+00
  0.000000000000E+00  0.000000000000E+00  0.100000000000E+01
  0.000000000000E+00  0.000000000000E+00  0.000000000000E+00
  0.500000000000E+00  0.866025403784E+00  0.000000000000E+00
  0.866025403784E+00 -0.500000000000E+00  0.000000000000E+00
  0.000000000000E+00  0.000000000000E+00  0.100000000000E+01
  0.000000000000E+00  0.000000000000E+00  0.000000000000E+00
 -0.100000000000E+01  0.111022302463E-15  0.222044604925E-15
  0.000000000000E+00  0.100000000000E+01  0.000000000000E+00
  0.000000000000E+00  0.000000000000E+00  0.100000000000E+01
  0.000000000000E+00  0.000000000000E+00  0.000000000000E+00
  0.500000000000E+00 -0.866025403784E+00  0.862853540973E-16
 -0.866025403784E+00 -0.500000000000E+00  0.111022302463E-15
  0.000000000000E+00  0.000000000000E+00  0.100000000000E+01
  0.000000000000E+00  0.000000000000E+00  0.000000000000E+00
 60
    8      0.000000000000      2.214566318842      5.392814672840
    8     -1.917839975642      5.536314504411      5.392835070018
    8      3.835790045769      2.214594415479      5.392594448604
    8     -7.671500520293     -4.429142890500      5.392942564103
    8      7.671500520300      2.214521522653      5.392594474656
  258      0.000000000000      0.000000000000      4.645814150943
  258     -1.917791374111      3.322015576012      4.645223321543
  258     -3.835566049371      6.643820689900      4.645181946152
  258      0.000000000000      6.643885610006      4.645363752812
  258      5.753585973909      3.321834410841      4.645147229315
    8     -1.917714103602      1.107192753943      3.856891445027
    8     -3.835521243384      4.429535814258      3.856624217471
    8      0.000000000000      4.429521687589      3.856775365256
    8      5.753983526335     -5.536221843157      3.856805152248
    8      7.671500520293      4.429142890500      3.856549686836
    8      0.000000000000      0.000000000000      2.345712278962
    8     -1.917778645435      3.321623557150      2.345639864881
    8     -3.835635310833      6.643780701777      2.345318743967
    8      0.000000000000      6.643535942214      2.345489972334
    8      5.753414894872      3.321735638313      2.345578920155
  258     -1.917707246261      1.107188794856      1.540526337305
  258     -3.835553753174      4.429093198076      1.540333778517
  258      0.000000000000      4.429159308168      1.540393115887
  258      5.753742638741     -5.536360919675      1.540371419222
  258      7.671500520293      4.429142890500      1.540524112337
    8      0.000000000000      2.214892781377      0.760216144531
    8     -1.917653384450      5.536931247284      0.759836228436
    8      3.835705475637      2.214545588891      0.760037154805
    8     -7.671500520293     -4.429142890500      0.760036954667
    8      7.671500520300      2.214549166666      0.759850746584
    8     -1.917507169132      1.107073280271     -0.813226996328
    8     -3.835381814254      4.428978329285     -0.813291766879
    8      0.000000000000      4.428722928458     -0.813408761711
    8      5.753796902776     -5.536329590319     -0.813722255380
    8      7.671500520293      4.429142890500     -0.813630833046
  258      0.000000000000      2.214622779812     -1.593616190479
  258     -1.917763566353      5.536579090047     -1.593683704949
  258      3.835653538541      2.214515602994     -1.593699911191
  258     -7.671500520293     -4.429142890500     -1.593799978431
  258      7.671500520300      2.214583707787     -1.593678759072
    8      0.000000000000      0.000000000000     -2.396315776094
    8     -1.917890235076      3.322059664717     -2.396435448489
    8     -3.835529984666      6.643841511868     -2.396396243989
    8      0.000000000000      6.644073853151     -2.396539016308
    8      5.753871695236      3.321999372126     -2.396503023055
    8      0.000000000000      2.214571445248     -3.914846215896
    8     -1.917875130080      5.536428613118     -3.914846215896
    8      3.835750260160      2.214571445247     -3.914846215896
    8     -7.671500520293     -4.429142890500     -3.914846215896
    8      7.671500520300      2.214571445248     -3.914846215896
  258      0.000000000000      0.000000000000     -4.697815459075
  258     -1.917875130080      3.321857167872     -4.697815459075
  258     -3.835750260162      6.643714335750     -4.697815459075
  258     -0.000000000006      6.643714335750     -4.697815459075
  258      5.753625390223      3.321857167870     -4.697815459075
    8     -1.917875130080      1.107285722624     -5.480784702254
    8     -3.835750260160      4.429142890495     -5.480784702254
    8      0.000000000000      4.429142890495     -5.480784702254
    8      5.753625390243     -5.536428613127     -5.480784702254
    8      7.671500520293      4.429142890500     -5.480784702254
